-2.000000e+00 -1.960142e+00 -2.000000e+00 -3.985799e-04 
-1.990000e+00 -1.950338e+00 -1.990000e+00 -3.966230e-04 
-1.980000e+00 -1.940533e+00 -1.980000e+00 -3.946660e-04 
-1.970000e+00 -1.930729e+00 -1.970000e+00 -3.927091e-04 
-1.960000e+00 -1.920925e+00 -1.960000e+00 -3.907521e-04 
-1.950000e+00 -1.911120e+00 -1.950000e+00 -3.887952e-04 
-1.940000e+00 -1.901316e+00 -1.940000e+00 -3.868382e-04 
-1.930000e+00 -1.891512e+00 -1.930000e+00 -3.848813e-04 
-1.920000e+00 -1.881708e+00 -1.920000e+00 -3.829243e-04 
-1.910000e+00 -1.871903e+00 -1.910000e+00 -3.809674e-04 
-1.900000e+00 -1.862099e+00 -1.900000e+00 -3.790104e-04 
-1.890000e+00 -1.852295e+00 -1.890000e+00 -3.770535e-04 
-1.880000e+00 -1.842490e+00 -1.880000e+00 -3.750965e-04 
-1.870000e+00 -1.832686e+00 -1.870000e+00 -3.731396e-04 
-1.860000e+00 -1.822882e+00 -1.860000e+00 -3.711826e-04 
-1.850000e+00 -1.813077e+00 -1.850000e+00 -3.692257e-04 
-1.840000e+00 -1.803273e+00 -1.840000e+00 -3.672687e-04 
-1.830000e+00 -1.793469e+00 -1.830000e+00 -3.653118e-04 
-1.820000e+00 -1.783665e+00 -1.820000e+00 -3.633548e-04 
-1.810000e+00 -1.773860e+00 -1.810000e+00 -3.613979e-04 
-1.800000e+00 -1.764056e+00 -1.800000e+00 -3.594409e-04 
-1.790000e+00 -1.754252e+00 -1.790000e+00 -3.574840e-04 
-1.780000e+00 -1.744447e+00 -1.780000e+00 -3.555270e-04 
-1.770000e+00 -1.734643e+00 -1.770000e+00 -3.535701e-04 
-1.760000e+00 -1.724839e+00 -1.760000e+00 -3.516131e-04 
-1.750000e+00 -1.715034e+00 -1.750000e+00 -3.496562e-04 
-1.740000e+00 -1.705230e+00 -1.740000e+00 -3.476992e-04 
-1.730000e+00 -1.695426e+00 -1.730000e+00 -3.457423e-04 
-1.720000e+00 -1.685621e+00 -1.720000e+00 -3.437853e-04 
-1.710000e+00 -1.675817e+00 -1.710000e+00 -3.418284e-04 
-1.700000e+00 -1.666013e+00 -1.700000e+00 -3.398714e-04 
-1.690000e+00 -1.656209e+00 -1.690000e+00 -3.379144e-04 
-1.680000e+00 -1.646404e+00 -1.680000e+00 -3.359575e-04 
-1.670000e+00 -1.636600e+00 -1.670000e+00 -3.340005e-04 
-1.660000e+00 -1.626796e+00 -1.660000e+00 -3.320436e-04 
-1.650000e+00 -1.616991e+00 -1.650000e+00 -3.300866e-04 
-1.640000e+00 -1.607187e+00 -1.640000e+00 -3.281297e-04 
-1.630000e+00 -1.597383e+00 -1.630000e+00 -3.261727e-04 
-1.620000e+00 -1.587578e+00 -1.620000e+00 -3.242158e-04 
-1.610000e+00 -1.577774e+00 -1.610000e+00 -3.222588e-04 
-1.600000e+00 -1.567970e+00 -1.600000e+00 -3.203019e-04 
-1.590000e+00 -1.558166e+00 -1.590000e+00 -3.183449e-04 
-1.580000e+00 -1.548361e+00 -1.580000e+00 -3.163879e-04 
-1.570000e+00 -1.538557e+00 -1.570000e+00 -3.144310e-04 
-1.560000e+00 -1.528753e+00 -1.560000e+00 -3.124740e-04 
-1.550000e+00 -1.518948e+00 -1.550000e+00 -3.105171e-04 
-1.540000e+00 -1.509144e+00 -1.540000e+00 -3.085601e-04 
-1.530000e+00 -1.499340e+00 -1.530000e+00 -3.066032e-04 
-1.520000e+00 -1.489535e+00 -1.520000e+00 -3.046462e-04 
-1.510000e+00 -1.479731e+00 -1.510000e+00 -3.026893e-04 
-1.500000e+00 -1.469927e+00 -1.500000e+00 -3.007323e-04 
-1.490000e+00 -1.460122e+00 -1.490000e+00 -2.987753e-04 
-1.480000e+00 -1.450318e+00 -1.480000e+00 -2.968184e-04 
-1.470000e+00 -1.440514e+00 -1.470000e+00 -2.948614e-04 
-1.460000e+00 -1.430710e+00 -1.460000e+00 -2.929045e-04 
-1.450000e+00 -1.420905e+00 -1.450000e+00 -2.909475e-04 
-1.440000e+00 -1.411101e+00 -1.440000e+00 -2.889905e-04 
-1.430000e+00 -1.401297e+00 -1.430000e+00 -2.870336e-04 
-1.420000e+00 -1.391492e+00 -1.420000e+00 -2.850766e-04 
-1.410000e+00 -1.381688e+00 -1.410000e+00 -2.831197e-04 
-1.400000e+00 -1.371884e+00 -1.400000e+00 -2.811627e-04 
-1.390000e+00 -1.362079e+00 -1.390000e+00 -2.792057e-04 
-1.380000e+00 -1.352275e+00 -1.380000e+00 -2.772488e-04 
-1.370000e+00 -1.342471e+00 -1.370000e+00 -2.752918e-04 
-1.360000e+00 -1.332667e+00 -1.360000e+00 -2.733349e-04 
-1.350000e+00 -1.322862e+00 -1.350000e+00 -2.713779e-04 
-1.340000e+00 -1.313058e+00 -1.340000e+00 -2.694209e-04 
-1.330000e+00 -1.303254e+00 -1.330000e+00 -2.674640e-04 
-1.320000e+00 -1.293449e+00 -1.320000e+00 -2.655070e-04 
-1.310000e+00 -1.283645e+00 -1.310000e+00 -2.635500e-04 
-1.300000e+00 -1.273841e+00 -1.300000e+00 -2.615931e-04 
-1.290000e+00 -1.264036e+00 -1.290000e+00 -2.596361e-04 
-1.280000e+00 -1.254232e+00 -1.280000e+00 -2.576791e-04 
-1.270000e+00 -1.244428e+00 -1.270000e+00 -2.557222e-04 
-1.260000e+00 -1.234623e+00 -1.260000e+00 -2.537652e-04 
-1.250000e+00 -1.224819e+00 -1.250000e+00 -2.518082e-04 
-1.240000e+00 -1.215015e+00 -1.240000e+00 -2.498513e-04 
-1.230000e+00 -1.205211e+00 -1.230000e+00 -2.478943e-04 
-1.220000e+00 -1.195406e+00 -1.220000e+00 -2.459373e-04 
-1.210000e+00 -1.185602e+00 -1.210000e+00 -2.439804e-04 
-1.200000e+00 -1.175798e+00 -1.200000e+00 -2.420234e-04 
-1.190000e+00 -1.165993e+00 -1.190000e+00 -2.400664e-04 
-1.180000e+00 -1.156189e+00 -1.180000e+00 -2.381095e-04 
-1.170000e+00 -1.146385e+00 -1.170000e+00 -2.361525e-04 
-1.160000e+00 -1.136580e+00 -1.160000e+00 -2.341955e-04 
-1.150000e+00 -1.126776e+00 -1.150000e+00 -2.322385e-04 
-1.140000e+00 -1.116972e+00 -1.140000e+00 -2.302816e-04 
-1.130000e+00 -1.107168e+00 -1.130000e+00 -2.283246e-04 
-1.120000e+00 -1.097363e+00 -1.120000e+00 -2.263676e-04 
-1.110000e+00 -1.087559e+00 -1.110000e+00 -2.244106e-04 
-1.100000e+00 -1.077755e+00 -1.100000e+00 -2.224536e-04 
-1.090000e+00 -1.067950e+00 -1.090000e+00 -2.204966e-04 
-1.080000e+00 -1.058146e+00 -1.080000e+00 -2.185397e-04 
-1.070000e+00 -1.048342e+00 -1.070000e+00 -2.165827e-04 
-1.060000e+00 -1.038537e+00 -1.060000e+00 -2.146257e-04 
-1.050000e+00 -1.028733e+00 -1.050000e+00 -2.126687e-04 
-1.040000e+00 -1.018929e+00 -1.040000e+00 -2.107117e-04 
-1.030000e+00 -1.009125e+00 -1.030000e+00 -2.087547e-04 
-1.020000e+00 -9.993202e-01 -1.020000e+00 -2.067977e-04 
-1.010000e+00 -9.895159e-01 -1.010000e+00 -2.048407e-04 
-1.000000e+00 -9.797116e-01 -1.000000e+00 -2.028837e-04 
-9.900000e-01 -9.699073e-01 -9.900000e-01 -2.009267e-04 
-9.800000e-01 -9.601030e-01 -9.800000e-01 -1.989697e-04 
-9.700000e-01 -9.502987e-01 -9.700000e-01 -1.970127e-04 
-9.600000e-01 -9.404944e-01 -9.600000e-01 -1.950557e-04 
-9.500000e-01 -9.306901e-01 -9.500000e-01 -1.930987e-04 
-9.400000e-01 -9.208858e-01 -9.400000e-01 -1.911417e-04 
-9.300000e-01 -9.110815e-01 -9.300000e-01 -1.891847e-04 
-9.200000e-01 -9.012772e-01 -9.200000e-01 -1.872277e-04 
-9.100000e-01 -8.914729e-01 -9.100000e-01 -1.852707e-04 
-9.000000e-01 -8.816686e-01 -9.000000e-01 -1.833136e-04 
-8.900000e-01 -8.718643e-01 -8.900000e-01 -1.813566e-04 
-8.800000e-01 -8.620600e-01 -8.800000e-01 -1.793996e-04 
-8.700000e-01 -8.522557e-01 -8.700000e-01 -1.774425e-04 
-8.600000e-01 -8.424515e-01 -8.600000e-01 -1.754855e-04 
-8.500000e-01 -8.326472e-01 -8.500000e-01 -1.735285e-04 
-8.400000e-01 -8.228429e-01 -8.400000e-01 -1.715714e-04 
-8.300000e-01 -8.130386e-01 -8.300000e-01 -1.696144e-04 
-8.200000e-01 -8.032343e-01 -8.200000e-01 -1.676573e-04 
-8.100000e-01 -7.934300e-01 -8.100000e-01 -1.657002e-04 
-8.000000e-01 -7.836257e-01 -8.000000e-01 -1.637432e-04 
-7.900000e-01 -7.738214e-01 -7.900000e-01 -1.617861e-04 
-7.800000e-01 -7.640171e-01 -7.800000e-01 -1.598290e-04 
-7.700000e-01 -7.542128e-01 -7.700000e-01 -1.578719e-04 
-7.600000e-01 -7.444085e-01 -7.600000e-01 -1.559148e-04 
-7.500000e-01 -7.346042e-01 -7.500000e-01 -1.539577e-04 
-7.400000e-01 -7.247999e-01 -7.400000e-01 -1.520006e-04 
-7.300000e-01 -7.149957e-01 -7.300000e-01 -1.500435e-04 
-7.200000e-01 -7.051914e-01 -7.200000e-01 -1.480863e-04 
-7.100000e-01 -6.953871e-01 -7.100000e-01 -1.461292e-04 
-7.000000e-01 -6.855828e-01 -7.000000e-01 -1.441720e-04 
-6.900000e-01 -6.757785e-01 -6.900000e-01 -1.422149e-04 
-6.800000e-01 -6.659742e-01 -6.800000e-01 -1.402577e-04 
-6.700000e-01 -6.561699e-01 -6.700000e-01 -1.383005e-04 
-6.600000e-01 -6.463657e-01 -6.600000e-01 -1.363433e-04 
-6.500000e-01 -6.365614e-01 -6.500000e-01 -1.343861e-04 
-6.400000e-01 -6.267571e-01 -6.400000e-01 -1.324288e-04 
-6.300000e-01 -6.169528e-01 -6.300000e-01 -1.304716e-04 
-6.200000e-01 -6.071486e-01 -6.200000e-01 -1.285143e-04 
-6.100000e-01 -5.973443e-01 -6.100000e-01 -1.265570e-04 
-6.000000e-01 -5.875400e-01 -6.000000e-01 -1.245996e-04 
-5.900000e-01 -5.777358e-01 -5.900000e-01 -1.226423e-04 
-5.800000e-01 -5.679315e-01 -5.800000e-01 -1.206849e-04 
-5.700000e-01 -5.581273e-01 -5.700000e-01 -1.187275e-04 
-5.600000e-01 -5.483230e-01 -5.600000e-01 -1.167700e-04 
-5.500000e-01 -5.385187e-01 -5.500000e-01 -1.148125e-04 
-5.400000e-01 -5.287145e-01 -5.400000e-01 -1.128550e-04 
-5.300000e-01 -5.189103e-01 -5.300000e-01 -1.108974e-04 
-5.200000e-01 -5.091060e-01 -5.200000e-01 -1.089398e-04 
-5.100000e-01 -4.993018e-01 -5.100000e-01 -1.069821e-04 
-5.000000e-01 -4.894976e-01 -5.000000e-01 -1.050244e-04 
-4.900000e-01 -4.796933e-01 -4.900000e-01 -1.030666e-04 
-4.800000e-01 -4.698891e-01 -4.800000e-01 -1.011087e-04 
-4.700000e-01 -4.600849e-01 -4.700000e-01 -9.915077e-05 
-4.600000e-01 -4.502807e-01 -4.600000e-01 -9.719273e-05 
-4.500000e-01 -4.404765e-01 -4.500000e-01 -9.523458e-05 
-4.400000e-01 -4.306724e-01 -4.400000e-01 -9.327632e-05 
-4.300000e-01 -4.208682e-01 -4.300000e-01 -9.131794e-05 
-4.200000e-01 -4.110641e-01 -4.200000e-01 -8.935941e-05 
-4.100000e-01 -4.012599e-01 -4.100000e-01 -8.740073e-05 
-4.000000e-01 -3.914558e-01 -4.000000e-01 -8.544187e-05 
-3.900000e-01 -3.816517e-01 -3.900000e-01 -8.348281e-05 
-3.800000e-01 -3.718476e-01 -3.800000e-01 -8.152352e-05 
-3.700000e-01 -3.620436e-01 -3.700000e-01 -7.956397e-05 
-3.600000e-01 -3.522396e-01 -3.600000e-01 -7.760412e-05 
-3.500000e-01 -3.424356e-01 -3.500000e-01 -7.564393e-05 
-3.400000e-01 -3.326317e-01 -3.400000e-01 -7.368334e-05 
-3.300000e-01 -3.228278e-01 -3.300000e-01 -7.172230e-05 
-3.200000e-01 -3.130239e-01 -3.200000e-01 -6.976073e-05 
-3.100000e-01 -3.032201e-01 -3.100000e-01 -6.779855e-05 
-3.000000e-01 -2.934164e-01 -3.000000e-01 -6.583564e-05 
-2.900000e-01 -2.836128e-01 -2.900000e-01 -6.387187e-05 
-2.800000e-01 -2.738093e-01 -2.800000e-01 -6.190709e-05 
-2.700000e-01 -2.640059e-01 -2.700000e-01 -5.994111e-05 
-2.600000e-01 -2.542026e-01 -2.600000e-01 -5.797368e-05 
-2.500000e-01 -2.443996e-01 -2.500000e-01 -5.600450e-05 
-2.400000e-01 -2.345967e-01 -2.400000e-01 -5.403319e-05 
-2.300000e-01 -2.247941e-01 -2.300000e-01 -5.205926e-05 
-2.200000e-01 -2.149918e-01 -2.200000e-01 -5.008209e-05 
-2.100000e-01 -2.051899e-01 -2.100000e-01 -4.810087e-05 
-2.000000e-01 -1.953885e-01 -2.000000e-01 -4.611454e-05 
-1.900000e-01 -1.855878e-01 -1.900000e-01 -4.412166e-05 
-1.800000e-01 -1.757880e-01 -1.800000e-01 -4.212033e-05 
-1.700000e-01 -1.659892e-01 -1.700000e-01 -4.010789e-05 
-1.600000e-01 -1.561918e-01 -1.600000e-01 -3.808246e-05 
-1.500000e-01 -1.463956e-01 -1.500000e-01 -3.604366e-05 
-1.400000e-01 -1.366011e-01 -1.400000e-01 -3.398889e-05 
-1.300000e-01 -1.268085e-01 -1.300000e-01 -3.191507e-05 
-1.200000e-01 -1.170182e-01 -1.200000e-01 -2.981849e-05 
-1.100000e-01 -1.072305e-01 -1.100000e-01 -2.769472e-05 
-1.000000e-01 -9.744615e-02 -1.000000e-01 -2.553852e-05 
-9.000000e-02 -8.766564e-02 -9.000000e-02 -2.334359e-05 
-8.000000e-02 -7.788975e-02 -8.000000e-02 -2.110247e-05 
-7.000000e-02 -6.811938e-02 -7.000000e-02 -1.880625e-05 
-6.000000e-02 -5.835556e-02 -6.000000e-02 -1.644435e-05 
-5.000000e-02 -4.859958e-02 -5.000000e-02 -1.400420e-05 
-4.000000e-02 -3.885291e-02 -4.000000e-02 -1.147087e-05 
-3.000000e-02 -2.911733e-02 -3.000000e-02 -8.826667e-06 
-2.000000e-02 -1.939493e-02 -2.000000e-02 -6.050668e-06 
-1.000000e-02 -9.688185e-03 -1.000000e-02 -3.118152e-06 
1.641048e-15 4.917119e-11 1.641048e-15 -4.916955e-13 
1.000000e-02 9.666200e-03 1.000000e-02 3.338002e-06 
2.000000e-02 1.930641e-02 2.000000e-02 6.935925e-06 
3.000000e-02 2.891595e-02 3.000000e-02 1.084051e-05 
4.000000e-02 3.848940e-02 4.000000e-02 1.510604e-05 
5.000000e-02 4.802048e-02 5.000000e-02 1.979522e-05 
6.000000e-02 5.750200e-02 6.000000e-02 2.498001e-05 
7.000000e-02 6.692576e-02 7.000000e-02 3.074242e-05 
8.000000e-02 7.628249e-02 8.000000e-02 3.717506e-05 
9.000000e-02 8.556185e-02 9.000000e-02 4.438153e-05 
1.000000e-01 9.475237e-02 1.000000e-01 5.247631e-05 
1.100000e-01 1.038416e-01 1.100000e-01 6.158430e-05 
1.200000e-01 1.128160e-01 1.200000e-01 7.183961e-05 
1.300000e-01 1.216616e-01 1.300000e-01 8.338374e-05 
1.400000e-01 1.303637e-01 1.400000e-01 9.636300e-05 
1.500000e-01 1.389075e-01 1.500000e-01 1.109252e-04 
1.600000e-01 1.472784e-01 1.600000e-01 1.272157e-04 
1.700000e-01 1.554627e-01 1.700000e-01 1.453731e-04 
1.800000e-01 1.634475e-01 1.800000e-01 1.655251e-04 
1.900000e-01 1.712216e-01 1.900000e-01 1.877838e-04 
2.000000e-01 1.787757e-01 2.000000e-01 2.122428e-04 
2.100000e-01 1.861026e-01 2.100000e-01 2.389738e-04 
2.200000e-01 1.931974e-01 2.200000e-01 2.680256e-04 
2.300000e-01 2.000577e-01 2.300000e-01 2.994234e-04 
2.400000e-01 2.066831e-01 2.400000e-01 3.331692e-04 
2.500000e-01 2.130756e-01 2.500000e-01 3.692441e-04 
2.600000e-01 2.192390e-01 2.600000e-01 4.076101e-04 
2.700000e-01 2.251787e-01 2.700000e-01 4.482130e-04 
2.800000e-01 2.309014e-01 2.800000e-01 4.909857e-04 
2.900000e-01 2.364149e-01 2.900000e-01 5.358509e-04 
3.000000e-01 2.417276e-01 3.000000e-01 5.827243e-04 
3.100000e-01 2.468483e-01 3.100000e-01 6.315167e-04 
3.200000e-01 2.517863e-01 3.200000e-01 6.821366e-04 
3.300000e-01 2.565508e-01 3.300000e-01 7.344919e-04 
3.400000e-01 2.611509e-01 3.400000e-01 7.884912e-04 
3.500000e-01 2.655955e-01 3.500000e-01 8.440452e-04 
3.600000e-01 2.698932e-01 3.600000e-01 9.010675e-04 
3.700000e-01 2.740525e-01 3.700000e-01 9.594751e-04 
3.800000e-01 2.780811e-01 3.800000e-01 1.019189e-03 
3.900000e-01 2.819867e-01 3.900000e-01 1.080133e-03 
4.000000e-01 2.857763e-01 4.000000e-01 1.142237e-03 
4.100000e-01 2.894566e-01 4.100000e-01 1.205434e-03 
4.200000e-01 2.930339e-01 4.200000e-01 1.269661e-03 
4.300000e-01 2.965141e-01 4.300000e-01 1.334859e-03 
4.400000e-01 2.999027e-01 4.400000e-01 1.400973e-03 
4.500000e-01 3.032049e-01 4.500000e-01 1.467951e-03 
4.600000e-01 3.064254e-01 4.600000e-01 1.535746e-03 
4.700000e-01 3.095687e-01 4.700000e-01 1.604313e-03 
4.800000e-01 3.126392e-01 4.800000e-01 1.673608e-03 
4.900000e-01 3.156405e-01 4.900000e-01 1.743595e-03 
5.000000e-01 3.185765e-01 5.000000e-01 1.814235e-03 
5.100000e-01 3.214505e-01 5.100000e-01 1.885495e-03 
5.200000e-01 3.242657e-01 5.200000e-01 1.957343e-03 
5.300000e-01 3.270251e-01 5.300000e-01 2.029749e-03 
5.400000e-01 3.297314e-01 5.400000e-01 2.102686e-03 
5.500000e-01 3.323873e-01 5.500000e-01 2.176127e-03 
5.600000e-01 3.349952e-01 5.600000e-01 2.250048e-03 
5.700000e-01 3.375573e-01 5.700000e-01 2.324427e-03 
5.800000e-01 3.400759e-01 5.800000e-01 2.399241e-03 
5.900000e-01 3.425528e-01 5.900000e-01 2.474472e-03 
6.000000e-01 3.449901e-01 6.000000e-01 2.550099e-03 
6.100000e-01 3.473894e-01 6.100000e-01 2.626106e-03 
6.200000e-01 3.497524e-01 6.200000e-01 2.702476e-03 
6.300000e-01 3.520808e-01 6.300000e-01 2.779192e-03 
6.400000e-01 3.543758e-01 6.400000e-01 2.856242e-03 
6.500000e-01 3.566390e-01 6.500000e-01 2.933610e-03 
6.600000e-01 3.588717e-01 6.600000e-01 3.011283e-03 
6.700000e-01 3.610750e-01 6.700000e-01 3.089250e-03 
6.800000e-01 3.632502e-01 6.800000e-01 3.167498e-03 
6.900000e-01 3.653984e-01 6.900000e-01 3.246016e-03 
7.000000e-01 3.675205e-01 7.000000e-01 3.324795e-03 
7.100000e-01 3.696177e-01 7.100000e-01 3.403823e-03 
7.200000e-01 3.716907e-01 7.200000e-01 3.483093e-03 
7.300000e-01 3.737406e-01 7.300000e-01 3.562594e-03 
7.400000e-01 3.757681e-01 7.400000e-01 3.642319e-03 
7.500000e-01 3.777741e-01 7.500000e-01 3.722259e-03 
7.600000e-01 3.797592e-01 7.600000e-01 3.802408e-03 
7.700000e-01 3.817243e-01 7.700000e-01 3.882757e-03 
7.800000e-01 3.836700e-01 7.800000e-01 3.963300e-03 
7.900000e-01 3.855970e-01 7.900000e-01 4.044030e-03 
8.000000e-01 3.875059e-01 8.000000e-01 4.124941e-03 
8.100000e-01 3.893973e-01 8.100000e-01 4.206027e-03 
8.200000e-01 3.912717e-01 8.200000e-01 4.287283e-03 
8.300000e-01 3.931297e-01 8.300000e-01 4.368703e-03 
8.400000e-01 3.949719e-01 8.400000e-01 4.450281e-03 
8.500000e-01 3.967986e-01 8.500000e-01 4.532014e-03 
8.600000e-01 3.986104e-01 8.600000e-01 4.613896e-03 
8.700000e-01 4.004078e-01 8.700000e-01 4.695922e-03 
8.800000e-01 4.021911e-01 8.800000e-01 4.778089e-03 
8.900000e-01 4.039608e-01 8.900000e-01 4.860392e-03 
9.000000e-01 4.057172e-01 9.000000e-01 4.942828e-03 
9.100000e-01 4.074608e-01 9.100000e-01 5.025392e-03 
9.200000e-01 4.091920e-01 9.200000e-01 5.108080e-03 
9.300000e-01 4.109110e-01 9.300000e-01 5.190890e-03 
9.400000e-01 4.126182e-01 9.400000e-01 5.273818e-03 
9.500000e-01 4.143139e-01 9.500000e-01 5.356861e-03 
9.600000e-01 4.159984e-01 9.600000e-01 5.440016e-03 
9.700000e-01 4.176721e-01 9.700000e-01 5.523279e-03 
9.800000e-01 4.193352e-01 9.800000e-01 5.606648e-03 
9.900000e-01 4.209880e-01 9.900000e-01 5.690120e-03 
1.000000e+00 4.226307e-01 1.000000e+00 5.773693e-03 
1.010000e+00 4.242637e-01 1.010000e+00 5.857363e-03 
1.020000e+00 4.258871e-01 1.020000e+00 5.941129e-03 
1.030000e+00 4.275013e-01 1.030000e+00 6.024987e-03 
1.040000e+00 4.291063e-01 1.040000e+00 6.108937e-03 
1.050000e+00 4.307025e-01 1.050000e+00 6.192975e-03 
1.060000e+00 4.322901e-01 1.060000e+00 6.277099e-03 
1.070000e+00 4.338692e-01 1.070000e+00 6.361308e-03 
1.080000e+00 4.354401e-01 1.080000e+00 6.445599e-03 
1.090000e+00 4.370030e-01 1.090000e+00 6.529970e-03 
1.100000e+00 4.385580e-01 1.100000e+00 6.614420e-03 
1.110000e+00 4.401053e-01 1.110000e+00 6.698947e-03 
1.120000e+00 4.416452e-01 1.120000e+00 6.783548e-03 
1.130000e+00 4.431777e-01 1.130000e+00 6.868223e-03 
1.140000e+00 4.447030e-01 1.140000e+00 6.952970e-03 
1.150000e+00 4.462213e-01 1.150000e+00 7.037787e-03 
1.160000e+00 4.477327e-01 1.160000e+00 7.122673e-03 
1.170000e+00 4.492375e-01 1.170000e+00 7.207625e-03 
1.180000e+00 4.507356e-01 1.180000e+00 7.292644e-03 
1.190000e+00 4.522273e-01 1.190000e+00 7.377727e-03 
1.200000e+00 4.537128e-01 1.200000e+00 7.462872e-03 
1.210000e+00 4.551920e-01 1.210000e+00 7.548080e-03 
1.220000e+00 4.566652e-01 1.220000e+00 7.633348e-03 
1.230000e+00 4.581325e-01 1.230000e+00 7.718675e-03 
1.240000e+00 4.595940e-01 1.240000e+00 7.804060e-03 
1.250000e+00 4.610498e-01 1.250000e+00 7.889502e-03 
1.260000e+00 4.625000e-01 1.260000e+00 7.975000e-03 
1.270000e+00 4.639448e-01 1.270000e+00 8.060552e-03 
1.280000e+00 4.653842e-01 1.280000e+00 8.146158e-03 
1.290000e+00 4.668183e-01 1.290000e+00 8.231817e-03 
1.300000e+00 4.682473e-01 1.300000e+00 8.317527e-03 
1.310000e+00 4.696712e-01 1.310000e+00 8.403288e-03 
1.320000e+00 4.710902e-01 1.320000e+00 8.489098e-03 
1.330000e+00 4.725043e-01 1.330000e+00 8.574957e-03 
1.340000e+00 4.739136e-01 1.340000e+00 8.660864e-03 
1.350000e+00 4.753182e-01 1.350000e+00 8.746818e-03 
1.360000e+00 4.767182e-01 1.360000e+00 8.832818e-03 
1.370000e+00 4.781137e-01 1.370000e+00 8.918863e-03 
1.380000e+00 4.795047e-01 1.380000e+00 9.004953e-03 
1.390000e+00 4.808913e-01 1.390000e+00 9.091087e-03 
1.400000e+00 4.822737e-01 1.400000e+00 9.177263e-03 
1.410000e+00 4.836518e-01 1.410000e+00 9.263482e-03 
1.420000e+00 4.850258e-01 1.420000e+00 9.349742e-03 
1.430000e+00 4.863957e-01 1.430000e+00 9.436043e-03 
1.440000e+00 4.877616e-01 1.440000e+00 9.522384e-03 
1.450000e+00 4.891236e-01 1.450000e+00 9.608764e-03 
1.460000e+00 4.904817e-01 1.460000e+00 9.695183e-03 
1.470000e+00 4.918360e-01 1.470000e+00 9.781640e-03 
1.480000e+00 4.931865e-01 1.480000e+00 9.868135e-03 
1.490000e+00 4.945333e-01 1.490000e+00 9.954667e-03 
1.500000e+00 4.958765e-01 1.500000e+00 1.004123e-02 
1.510000e+00 4.972162e-01 1.510000e+00 1.012784e-02 
1.520000e+00 4.985523e-01 1.520000e+00 1.021448e-02 
1.530000e+00 4.998850e-01 1.530000e+00 1.030115e-02 
1.540000e+00 5.012143e-01 1.540000e+00 1.038786e-02 
1.550000e+00 5.025402e-01 1.550000e+00 1.047460e-02 
1.560000e+00 5.038628e-01 1.560000e+00 1.056137e-02 
1.570000e+00 5.051822e-01 1.570000e+00 1.064818e-02 
1.580000e+00 5.064984e-01 1.580000e+00 1.073502e-02 
1.590000e+00 5.078114e-01 1.590000e+00 1.082189e-02 
1.600000e+00 5.091214e-01 1.600000e+00 1.090879e-02 
1.610000e+00 5.104282e-01 1.610000e+00 1.099572e-02 
1.620000e+00 5.117321e-01 1.620000e+00 1.108268e-02 
1.630000e+00 5.130330e-01 1.630000e+00 1.116967e-02 
1.640000e+00 5.143309e-01 1.640000e+00 1.125669e-02 
1.650000e+00 5.156260e-01 1.650000e+00 1.134374e-02 
1.660000e+00 5.169183e-01 1.660000e+00 1.143082e-02 
1.670000e+00 5.182077e-01 1.670000e+00 1.151792e-02 
1.680000e+00 5.194944e-01 1.680000e+00 1.160506e-02 
1.690000e+00 5.207784e-01 1.690000e+00 1.169222e-02 
1.700000e+00 5.220596e-01 1.700000e+00 1.177940e-02 
1.710000e+00 5.233383e-01 1.710000e+00 1.186662e-02 
1.720000e+00 5.246143e-01 1.720000e+00 1.195386e-02 
1.730000e+00 5.258878e-01 1.730000e+00 1.204112e-02 
1.740000e+00 5.271587e-01 1.740000e+00 1.212841e-02 
1.750000e+00 5.284271e-01 1.750000e+00 1.221573e-02 
1.760000e+00 5.296930e-01 1.760000e+00 1.230307e-02 
1.770000e+00 5.309565e-01 1.770000e+00 1.239043e-02 
1.780000e+00 5.322176e-01 1.780000e+00 1.247782e-02 
1.790000e+00 5.334763e-01 1.790000e+00 1.256524e-02 
1.800000e+00 5.347327e-01 1.800000e+00 1.265267e-02 
1.810000e+00 5.359868e-01 1.810000e+00 1.274013e-02 
1.820000e+00 5.372386e-01 1.820000e+00 1.282761e-02 
1.830000e+00 5.384881e-01 1.830000e+00 1.291512e-02 
1.840000e+00 5.397354e-01 1.840000e+00 1.300265e-02 
1.850000e+00 5.409805e-01 1.850000e+00 1.309019e-02 
1.860000e+00 5.422235e-01 1.860000e+00 1.317777e-02 
1.870000e+00 5.434643e-01 1.870000e+00 1.326536e-02 
1.880000e+00 5.447030e-01 1.880000e+00 1.335297e-02 
1.890000e+00 5.459396e-01 1.890000e+00 1.344060e-02 
1.900000e+00 5.471742e-01 1.900000e+00 1.352826e-02 
1.910000e+00 5.484067e-01 1.910000e+00 1.361593e-02 
1.920000e+00 5.496372e-01 1.920000e+00 1.370363e-02 
1.930000e+00 5.508657e-01 1.930000e+00 1.379134e-02 
1.940000e+00 5.520922e-01 1.940000e+00 1.387908e-02 
1.950000e+00 5.533168e-01 1.950000e+00 1.396683e-02 
1.960000e+00 5.545395e-01 1.960000e+00 1.405460e-02 
1.970000e+00 5.557603e-01 1.970000e+00 1.414240e-02 
1.980000e+00 5.569793e-01 1.980000e+00 1.423021e-02 
1.990000e+00 5.581964e-01 1.990000e+00 1.431804e-02 
2.000000e+00 5.594116e-01 2.000000e+00 1.440588e-02 
